50005000.000000
100010000.000000
150015000.000000
200020000.000000
250025000.000000
300030000.000000
350035000.000000
400040000.000000
450045000.000000
500050000.000000
550055000.000000
600060000.000000
650065000.000000
700070000.000000
750075000.000000
800080000.000000
850085000.000000
900090000.000000
950095000.000000
1000100000.000000
1050105000.000000
1100110000.000000
1150115000.000000
1200120000.000000
1250125000.000000
1300130000.000000
1350135000.000000
1400140000.000000
1450145000.000000
1500150000.000000
1550155000.000000
1600160000.000000
1650165000.000000
1700170000.000000
1750175000.000000
1800180000.000000
1850185000.000000
1900190000.000000
1950195000.000000
2000200000.000000
2050205000.000000
2100210000.000000
2150215000.000000
2200220000.000000
2250225000.000000
2300230000.000000
2350235000.000000
2400240000.000000
2450245000.000000
2500250000.000000
2550255000.000000
2600260000.000000
2650265000.000000
2700270000.000000
2750275000.000000
2800280000.000000
2850285000.000000
2900290000.000000
2950295000.000000
3000300000.000000
3050305000.000000
3100310000.000000
3150315000.000000
3200320000.000000
3250325000.000000
3300330000.000000
3350335000.000000
3400340000.000000
3450345000.000000
3500350000.000000
3550355000.000000
3600360000.000000
3650365000.000000
3700370000.000000
3750375000.000000
3800380000.000000
3850385000.000000
3900390000.000000
3950395000.000000
4000400000.000000
4050405000.000000
4100410000.000000
4150415000.000000
4200420000.000000
4250425000.000000
4300430000.000000
4350435000.000000
4400440000.000000
4450445000.000000
4500450000.000000
4550455000.000000
4600460000.000000
4650465000.000000
4700470000.000000
4750475000.000000
4800480000.000000
4850485000.000000
4900490000.000000
4950495000.000000
5000500000.000000
