4095.000000
8190.000000
12285.000000
16380.000000
20475.000000
24570.000000
28665.000000
32760.000000
36855.000000
40950.000000
45045.000000
49140.000000
53235.000000
57330.000000
61425.000000
65520.000000
69615.000000
73710.000000
77805.000000
81900.000000
85995.000000
90090.000000
94185.000000
98280.000000
102375.000000
106470.000000
110565.000000
114660.000000
118755.000000
122850.000000
126945.000000
131040.000000
135135.000000
139230.000000
143325.000000
147420.000000
151515.000000
155610.000000
159705.000000
163800.000000
167895.000000
171990.000000
176085.000000
180180.000000
184275.000000
192465.000000
196560.000000
200655.000000
204750.000000
208845.000000
212940.000000
217035.000000
221130.000000
225225.000000
229320.000000
233415.000000
237510.000000
241605.000000
245700.000000
249795.000000
253890.000000
257985.000000
262080.000000
266175.000000
270270.000000
274365.000000
278460.000000
282555.000000
286650.000000
290745.000000
294840.000000
298935.000000
303030.000000
307125.000000
311220.000000
315315.000000
319410.000000
323505.000000
327600.000000
331695.000000
335790.000000
339885.000000
343980.000000
348075.000000
352170.000000
356265.000000
360360.000000
364455.000000
368550.000000
372645.000000
